123456789101112131415161718
123456789101112131415161719
123456789101112131415161720
123456789101112131415161819
123456789101112131415161820
123456789101112131415161920
123456789101112131415171819
123456789101112131415171820
123456789101112131415171920
123456789101112131415181920
123456789101112131416171819
123456789101112131416171820
123456789101112131416171920
123456789101112131416181920
123456789101112131417181920
123456789101112131516171819
123456789101112131516171820
123456789101112131516171920
123456789101112131516181920
123456789101112131517181920
123456789101112131617181920
123456789101112141516171819
123456789101112141516171820
123456789101112141516171920
123456789101112141516181920
123456789101112141517181920
123456789101112141617181920
123456789101112151617181920
123456789101113141516171819
123456789101113141516171820
123456789101113141516171920
123456789101113141516181920
123456789101113141517181920
123456789101113141617181920
123456789101113151617181920
123456789101114151617181920
123456789101213141516171819
123456789101213141516171820
123456789101213141516171920
123456789101213141516181920
123456789101213141517181920
123456789101213141617181920
123456789101213151617181920
123456789101214151617181920
123456789101314151617181920
123456789111213141516171819
123456789111213141516171820
123456789111213141516171920
123456789111213141516181920
123456789111213141517181920
123456789111213141617181920
123456789111213151617181920
123456789111214151617181920
123456789111314151617181920
123456789121314151617181920
1234567810111213141516171819
1234567810111213141516171820
1234567810111213141516171920
1234567810111213141516181920
1234567810111213141517181920
1234567810111213141617181920
1234567810111213151617181920
1234567810111214151617181920
1234567810111314151617181920
1234567810121314151617181920
1234567811121314151617181920
1234567910111213141516171819
1234567910111213141516171820
1234567910111213141516171920
1234567910111213141516181920
1234567910111213141517181920
1234567910111213141617181920
1234567910111213151617181920
1234567910111214151617181920
1234567910111314151617181920
1234567910121314151617181920
1234567911121314151617181920
12345671011121314151617181920
1234568910111213141516171819
1234568910111213141516171820
1234568910111213141516171920
1234568910111213141516181920
1234568910111213141517181920
1234568910111213141617181920
1234568910111213151617181920
1234568910111214151617181920
1234568910111314151617181920
1234568910121314151617181920
1234568911121314151617181920
12345681011121314151617181920
12345691011121314151617181920
1234578910111213141516171819
1234578910111213141516171820
1234578910111213141516171920
1234578910111213141516181920
1234578910111213141517181920
1234578910111213141617181920
1234578910111213151617181920
1234578910111214151617181920
1234578910111314151617181920
1234578910121314151617181920
1234578911121314151617181920
12345781011121314151617181920
12345791011121314151617181920
12345891011121314151617181920
1234678910111213141516171819
1234678910111213141516171820
1234678910111213141516171920
1234678910111213141516181920
1234678910111213141517181920
1234678910111213141617181920
1234678910111213151617181920
1234678910111214151617181920
1234678910111314151617181920
1234678910121314151617181920
1234678911121314151617181920
12346781011121314151617181920
12346791011121314151617181920
12346891011121314151617181920
12347891011121314151617181920
1235678910111213141516171819
1235678910111213141516171820
1235678910111213141516171920
1235678910111213141516181920
1235678910111213141517181920
1235678910111213141617181920
1235678910111213151617181920
1235678910111214151617181920
1235678910111314151617181920
1235678910121314151617181920
1235678911121314151617181920
12356781011121314151617181920
12356791011121314151617181920
12356891011121314151617181920
12357891011121314151617181920
12367891011121314151617181920
1245678910111213141516171819
1245678910111213141516171820
1245678910111213141516171920
1245678910111213141516181920
1245678910111213141517181920
1245678910111213141617181920
1245678910111213151617181920
1245678910111214151617181920
1245678910111314151617181920
1245678910121314151617181920
1245678911121314151617181920
12456781011121314151617181920
12456791011121314151617181920
12456891011121314151617181920
12457891011121314151617181920
12467891011121314151617181920
12567891011121314151617181920
1345678910111213141516171819
1345678910111213141516171820
1345678910111213141516171920
1345678910111213141516181920
1345678910111213141517181920
1345678910111213141617181920
1345678910111213151617181920
1345678910111214151617181920
1345678910111314151617181920
1345678910121314151617181920
1345678911121314151617181920
13456781011121314151617181920
13456791011121314151617181920
13456891011121314151617181920
13457891011121314151617181920
13467891011121314151617181920
13567891011121314151617181920
14567891011121314151617181920
2345678910111213141516171819
2345678910111213141516171820
2345678910111213141516171920
2345678910111213141516181920
2345678910111213141517181920
2345678910111213141617181920
2345678910111213151617181920
2345678910111214151617181920
2345678910111314151617181920
2345678910121314151617181920
2345678911121314151617181920
23456781011121314151617181920
23456791011121314151617181920
23456891011121314151617181920
23457891011121314151617181920
23467891011121314151617181920
23567891011121314151617181920
24567891011121314151617181920
34567891011121314151617181920