1 1
2 1
3 1
4 1
5 2
6 3
7 3
7 2
8 2
7 1
8 1
9 1
10 1
11 2
12 3
13 4
14 3
15 3
16 4
17 4
18 4
17 5
16 6
16 7
17 8
18 8
19 8
18 9
19 10
20 11
21 12
21 13
21 14
22 15
23 15
24 16
25 16
26 17
26 18
27 19
28 20
29 21
30 21
30 20
31 20
32 19
33 19
34 19
35 20
36 21
37 22
38 22
39 23
38 24
38 25
38 26
37 27
36 28
37 29
36 30
37 31
38 31
38 32
39 33
40 34
41 33
40 32
40 31
39 30
39 29
40 29
40 28
41 28
41 27
42 27
43 26
44 27
45 27
46 27
47 27
48 27
49 27
48 26
49 26
50 26
51 26
52 26
53 26
54 26
55 26
56 27
57 27
58 27
59 27
60 27
61 27
61 28
62 29
63 30
64 31
65 32
64 32
63 33
63 34
64 35
65 35
66 34
67 35
68 36
69 36
70 36
71 36
72 36
72 37
72 38
71 39
72 40
73 40
74 40
75 40
75 41
75 42
76 43
77 44
78 43
79 43
78 42
78 41
77 40
77 39
78 39
79 39
80 39
81 39
82 39
83 39
84 40
85 40
86 40
87 41
88 41
89 41
90 42
91 43
92 43
93 43
92 44
92 45
91 45
90 45
89 46
90 47
90 48
90 49
90 50
89 49
88 48
87 48
86 48
85 47
86 47
85 46
84 47
83 48
83 49
83 50
82 51
83 52
84 53
85 54
85 55
85 56
85 57
84 58
83 59
83 60
82 61
82 62
81 62
80 63
81 64
81 65
81 66
80 67
79 68
80 69
81 69
82 69
82 70
83 71
84 71
85 71
86 72
85 73
86 74
86 75
87 76
88 76
89 76
88 75
89 75
88 74
89 73
90 72
91 72
92 73
93 72
92 71
93 71
93 70
94 70
93 69
94 69
95 69
94 68
93 68
92 69
91 70
90 69
91 69
91 68
92 68
91 67
92 66
93 66
94 66
95 67
96 68
97 69
98 70
97 71
98 72
98 73
99 74
100 75
100 76
100 77
100 78
99 79
99 80
100 81
100 82
100 83
99 84
99 85
99 86
99 87
100 88
100 89
99 88
98 88
97 89
98 90
97 90
96 91
97 92
98 93
98 94
97 95
98 96
99 96
100 96
100 97
99 98
100 99
100 100
