1 1
2 2
1 3
2 4
3 4
3 5
4 6
5 6
6 7
5 7
4 7
3 8
4 9
5 9
5 10
5 11
4 11
3 12
4 13
5 14
6 15
7 14
8 14
9 15
10 15
11 15
12 15
13 16
14 17
15 17
14 18
15 19
15 20
16 21
17 21
18 21
18 22
19 23
20 24
21 25
22 25
22 26
22 27
21 27
20 27
19 26
18 25
17 26
17 27
17 28
18 29
19 29
20 30
20 31
20 32
19 33
20 34
21 35
22 35
23 35
24 36
25 37
26 37
27 37
28 37
29 37
29 38
30 39
31 40
32 41
33 42
34 42
35 43
36 43
37 43
38 43
39 44
40 44
41 44
42 45
43 45
44 45
45 45
45 44
46 44
46 43
47 43
48 43
49 44
50 44
51 44
52 44
53 45
54 46
54 47
53 48
54 49
55 49
56 48
57 48
58 48
59 48
60 49
61 48
62 48
63 48
63 49
64 50
65 51
64 52
65 53
66 54
67 55
68 55
68 56
69 57
70 57
71 58
72 58
71 59
70 60
70 61
70 62
69 63
70 64
70 65
71 66
72 66
73 66
74 67
75 67
74 68
75 69
76 69
77 69
78 70
79 71
80 72
81 72
82 72
83 72
84 72
85 72
86 72
85 71
84 70
85 70
85 69
84 68
85 67
86 68
87 68
88 68
89 68
90 68
91 69
92 70
92 71
93 72
94 72
93 73
92 74
93 75
93 76
94 77
95 78
96 78
97 79
98 80
97 81
98 82
97 83
96 84
95 84
94 85
95 86
96 87
97 87
98 88
99 88
100 88
100 89
99 89
98 90
99 91
99 92
99 93
100 94
100 95
100 96
99 97
99 98
100 99
100 100
